0.46672911876863377 0.7975203664385484
0.23577208751863377 0.10158986803891445
0.26213927501863377 0.15828854202153897
0.9393853687686338 0.5849003390037064
0.9462213062686338 0.5263726755377713
0.9247369312686338 0.7568253504348905
0.9325494312686338 0.911832209145453
0.40569396251863377 0.14274213141339986
0.25432677501863377 0.6521157025153661
0.9227838062686338 0.4934508648381828
0.8934869312686338 0.46052905413859424
0.5624322437686338 0.9470402566991796
0.39055724376863377 0.5560937546415663
0.08049865001863377 0.0636383362602222
0.15178771251863377 0.7600260820306839
0.19133849376863377 0.7307622502977162
0.39055724376863377 0.5560937546415663
0.13030333751863377 0.11256380493877716
0.40862365001863377 0.09884638381394861
0.49309630626863377 0.8103232928217219
0.49016661876863377 0.6822940289899888
