0.38225646251863377 0.07689851001422299
0.37737365001863377 0.6914389764065412
0.49358458751863377 0.9068024880663492
0.46379943126863377 0.837758135071379
0.6229791187686338 0.7851746874262029
0.5331353687686338 0.17749293159629898
0.48333068126863377 0.04763467828125556
0.33049865001863377 0.6191938918157778
0.43059630626863377 0.06958255208098119
0.30999083751863377 0.7545391135807524
0.32024474376863377 0.5643242073164636
0.42815490001863377 0.26345543731189114
0.9481744312686338 0.6580599183361251
0.37053771251863377 0.9452112672158691
0.33538146251863377 0.15097258408829717
0.48333068126863377 0.04763467828125556
0.9481744312686338 0.6580599183361251
0.7865533375186338 0.5199712123461846
0.5199517750186338 0.8921705721998655
0.27825255626863377 0.20950024755423224
0.32512755626863377 0.06683906785601534
